не знаю
не знаю
не знаю
так
низька
так
так
низька
меланхолік
так
23


ж
23
23

так
так
так
так
низька
так
так
низька
меланхолік
так
1


ч
15
15

так
так
скоріше ні, ніж так
ні
висока
скоріше так, ніж ни
не знаю
висока
сангвіник
не знаю
2


ч
20
20

так
так
так
так
низька
так
так
низька
меланхолік
так
5


ч
25
25

не знаю
так
так
так
низька
так
так
низька
меланхолік
так
5
213

ч
21
21

0
0
58
58
58
58
38
38
89
89
2


ч
21
21

34
34
34
34
34
34
34
34
34
34
5


ч
20
20

35
35
35
35
35
35
35
35
35
35
2


ч
27
27

65
65
65
65
65
65
65
65
65
65
2


ж
25
25

63
33
23
89
64
28
63
9
52
29
4


ч
21
21

44
65
33
11
80
18
51
26
82
52
4


ч
51
51

37
65
15
85
35
80
50
17
78
30
4


ч
21
21

37
27
92
46
7
75
31
66
48
20
4


ч
21
21

35
25
70
43
14
83
24
96
19
67
5


ч
21
21

79
100
54
14
35
65
8
65
51
90
5


ч
21
21

54
54
54
54
54
54
54
54
54
54
5


ч
21
21

0
5
11
18
26
34
43
50
58
68
5


ч
21
21

0
10
19
30
39
52
61
74
84
100
5


ж
21
21

0
0
0
0
0
0
0
0
0
0
5


ч
52
52

0
0
0
0
0
0
0
0
0
0
5


ч
21
21

0
0
0
0
0
0
0
0
0
0
5


ч
21
21

53
19
76
16
76
26
43
43
43
64
5


ч
21
21

30
59
9
82
44
100
100
100
100
100
5


ч
21
21

100
100
100
100
100
100
100
100
100
100
5


ч
21
21

13
13
13
13
13
13
13
13
13
13
5


ч
21
21

100
100
100
0
0
100
100
0
0
100
5


ч
21
21

100
100
100
0
0
100
100
0
0
97
5


ч
21
21

100
100
100
0
0
100
100
0
0
99
5


ч
21
21

100
100
100
0
0
100
100
0
0
100
5


ч
21
21

64
30
82
11
31
81
18
87
97
97
5


ч
21
21

100
100
100
0
0
100
100
0
0
100
5


ч
21
21

76
21
43
93
20
60
32
91
23
61
5


ч
21
21

76
38
74
41
24
80
44
84
94
29
5


ч
21
21

48
18
76
30
86
20
90
17
81
81
5


ч
21
21

22
22
73
89
89
9
58
30
86
46
2


ж
21
21

30
59
27
69
50
25
89
44
24
55
5


ч
21
21

58
38
81
25
54
12
82
47
70
35
5


ч
21
21

38
68
51
19
86
53
29
85
55
100
5


ч
21
21

57
57
57
57
57
57
57
57
57
57
5


ч
21
21

49
62
62
18
65
44
21
80
23
87
5
графіка
DOTA, Mirrors Edge
ч
21
21

60
34
34
34
34
34
34
34
34
34
5


ж
21
21

75
75
75
81
81
81
81
81
81
81
5


ч
21
21

76
76
76
76
76
76
76
76
76
76
5


ч
21
21

72
72
72
72
72
72
72
72
72
72
5


ж
21
21

70
70
70
70
70
70
70
70
70
70
5


ч
21
21

72
50
57
24
66
46
19
10
46
75
5


ж
21
21

5
24
76
76
76
76
26
20
55
90
5


ч
21
21

46
46
46
46
46
21
21
64
64
50
5


ч
21
21

32
32
32
32
32
32
32
32
32
32
5


ч
21
21
