tr := [[.195, -.488, .344, .443, .4431, .2452], [.462, .414, -.252, .361, .2511, .5692], [-0.58e-1, -0.7e-1, .453, -.11, .5976, 0.969e-1], [-0.35e-1, 0.7e-1, -.469, -0.22e-1, .4884, .5069], [-.637, 0, 0, .501, .8562, .2513]]; 
IFS(6, tr);


carpetS := [[.5, 0, 0, .5, 0, 0], [.5, 0, 0, .5, .5, 0], [.5, 0, 0, .5, .25, .5]]; 
IFS(8, carpetS)

dragon := [[0., -.5, .5, 0., -.25, 0.], [.5, 0., 0., .5, 0., .25], [0., .5, -.5, 0., .25, 0.]]; 
IFS(6, dragon)

dragon := [[.25, 0, 0, .25, 1, 0], [.125, -.216506, .216506, .125, .5, .866025], [-.125, -.216506, .216506, -.125, -.5, .866025], [-.25, 0, 0, -.25, -1, 0], [-.125, .216506, -.216506, -.125, -.5, -.866025], [.125, .216506, -.216506, .125, .5, -.866025], [.536625, -.143788, .143788, .536625, 0, 0]]; 
IFS(5, dragon)